255 255 255 255 255 255 255 255 255 255 255 255 255 255 255 255
255 255 255 255 255 255 255 255 255 255 255 255 255 255 255 255
255 255 255 255 255 255 255 255 255 255 255 255 255 255 255 255
255 255 255 255 255 255 240 231 234 255  96 249 255 255 255 255
255 255 255 255 255 209 126 102 111 172 250 255 255 255 255 255
255 255 255 255 255 193  14   2   3 124 255 255 255 255 255 255
255 255 255 255 255 255  52   0   2 242 255 255 255 255 255 255
255 255 255 255 255 255 255 254 250 248 255 255 255 255 255 255
255 255 255 255 255 255 255 253 254 255 255 255 255 255 255 255
255 255 255 255 255 251 255 253 253 254 255 255 255 255 255 255
255 255 255 255 255 255 255 255 255 255 255 255 255 255 255 255
255 255 255 255 255 255 254 255 255 255 255 255 255 255 255 255
255 255 255 255 255 228   0 206   6 245 255 255 255 255 255 255
255 255 255 255 255 255 255 255 255 255 255 255 255 255 255 255
255 255 255 255 255 255 255 255 255 255 255 255 255 255 255 255
255 255 255 255 255 255 255 255 255 255 255 255 255 255 255 255
255 255 255 255 255 255 255 255 255 255 255 255 255 255 255 255
255 255 255 255 255 255 255 255 255 255 255 255 255 255 255 255
255 255 255 255 255 255 255 255 255 255 255 255 255 255 255 255
255 255 255 255 255 254 255 252 254 255 149 255 255 255 255 255
255 255 255 255 255 254 254 254 255 254 252 252 255 255 255 255
255 255 255 255 255 255 254 255 254 255 255 255 255 255 255 255
255 255 255 255 255 251 249 254 255 252 255 255 255 255 255 255
255 255 255 255 255 185  28  26  28  52 255 255 255 255 255 255
255 255 255 255 255 122  35  27  29  49 254 255 255 255 255 255
255 255 255 255 255 208  95  70  80 149 255 255 255 255 255 255
255 255 255 255 255 255 255 255 255 255 255 255 255 255 255 255
255 255 255 255 255 255 254 255 255 255 255 255 255 255 255 255
255 255 255 255 255 228   0 206   6 245 255 255 255 255 255 255
255 255 255 255 255 255 255 255 255 255 255 255 255 255 255 255
255 255 255 255 255 255 255 255 255 255 255 255 255 255 255 255
255 255 255 255 255 255 255 255 255 255 255 255 255 255 255 255
255 255 255 255 255 255 255 255 255 255 255 255 255 255 255 255
255 255 255 255 255 255 255 255 255 255 255 255 255 255 255 255
255 255 255 255 255 255 255 255 255 255 255 255 255 255 255 255
255 255 255 255 255 255 210 191 196 243 252 254 255 255 255 255
255 255 255 255 255 135   1   2   0  37 255 255 255 255 255 255
255 255 255 255 255  83   1   0   0   0 252 254 255 255 255 255
255 255 255 255 255 255  10   2   1 197 255 255 255 255 255 255
255 255 255 255 255 218  90  90  91 145 255 255 255 255 255 255
255 255 255 255 255 187 110  97 101 139 255 255 255 255 255 255
255 255 255 255 255 230 176 159 163 201 255 255 255 255 255 255
255 255 255 255 255 255 255 255 255 255 255 255 255 255 255 255
255 255 255 255 255 255 254 255 255 255 255 255 255 255 255 255
255 255 255 255 255 228   0 206   6 245 255 255 255 255 255 255
255 255 255 255 255 255 255 255 255 255 255 255 255 255 255 255
255 255 255 255 255 255 255 255 255 255 255 255 255 255 255 255
255 255 255 255 255 255 255 255 255 255 255 255 255 255 255 255

255 255 255 255 255 255 255 255 255 255 255 255 255 255 255 255
255 255 255 255 255 255 255 255 255 255 255 255 255 255 255 255
255 255 255 255 255 255 255 255 255 255 255 255 255 255 255 255
255 255 255 255 255 255 255 255 255 255 255 255 255 255 255 255
255 255 255 249 255 255 255 255 255 255 255 255 255 255 255 255
255 255 255  96 250 255 255 255 255 255 255 255 255 255 255 255
255 255 255 255 172 124 242 248 255 254 255 255 245 255 255 255
255 255 255 234 111   3   2 250 254 253 255 255   6 255 255 255
255 255 255 231 102   2   0 254 253 253 255 255 206 255 255 255
255 255 255 240 126  14  52 255 255 255 255 254   0 255 255 255
255 255 255 255 209 193 255 255 255 251 255 255 228 255 255 255
255 255 255 255 255 255 255 255 255 255 255 255 255 255 255 255
255 255 255 255 255 255 255 255 255 255 255 255 255 255 255 255
255 255 255 255 255 255 255 255 255 255 255 255 255 255 255 255
255 255 255 255 255 255 255 255 255 255 255 255 255 255 255 255
255 255 255 255 255 255 255 255 255 255 255 255 255 255 255 255
255 255 255 255 255 255 255 255 255 255 255 255 255 255 255 255
255 255 255 255 255 255 255 255 255 255 255 255 255 255 255 255
255 255 255 255 255 255 255 255 255 255 255 255 255 255 255 255
255 255 255 255 255 255 255 255 255 255 255 255 255 255 255 255
255 255 255 255 252 255 255 255 255 255 255 255 255 255 255 255
255 255 255 149 252 255 255 255 254 255 255 255 255 255 255 255
255 255 255 255 254 255 252  52  49 149 255 255 245 255 255 255
255 255 255 254 255 254 255  28  29  80 255 255   6 255 255 255
255 255 255 252 254 255 254  26  27  70 255 255 206 255 255 255
255 255 255 255 254 254 249  28  35  95 255 254   0 255 255 255
255 255 255 254 254 255 251 185 122 208 255 255 228 255 255 255
255 255 255 255 255 255 255 255 255 255 255 255 255 255 255 255
255 255 255 255 255 255 255 255 255 255 255 255 255 255 255 255
255 255 255 255 255 255 255 255 255 255 255 255 255 255 255 255
255 255 255 255 255 255 255 255 255 255 255 255 255 255 255 255
255 255 255 255 255 255 255 255 255 255 255 255 255 255 255 255
255 255 255 255 255 255 255 255 255 255 255 255 255 255 255 255
255 255 255 255 255 255 255 255 255 255 255 255 255 255 255 255
255 255 255 255 255 255 255 255 255 255 255 255 255 255 255 255
255 255 255 255 255 255 255 255 255 255 255 255 255 255 255 255
255 255 255 254 255 254 255 255 255 255 255 255 255 255 255 255
255 255 255 252 255 252 255 255 255 255 255 255 255 255 255 255
255 255 255 243  37   0 197 145 139 201 255 255 245 255 255 255
255 255 255 196   0   0   1  91 101 163 255 255   6 255 255 255
255 255 255 191   2   0   2  90  97 159 255 255 206 255 255 255
255 255 255 210   1   1  10  90 110 176 255 254   0 255 255 255
255 255 255 255 135  83 255 218 187 230 255 255 228 255 255 255
255 255 255 255 255 255 255 255 255 255 255 255 255 255 255 255
255 255 255 255 255 255 255 255 255 255 255 255 255 255 255 255
255 255 255 255 255 255 255 255 255 255 255 255 255 255 255 255
255 255 255 255 255 255 255 255 255 255 255 255 255 255 255 255
255 255 255 255 255 255 255 255 255 255 255 255 255 255 255 255

255 255 255 255 255 255 255 255 255 255 255 255 255 255 255 255
255 255 255 255 255 255 255 255 255 255 255 255 255 255 255 255
255 255 255 255 255 255 255 255 255 255 255 255 255 255 255 255
255 255 255 255 255 255 245   6 206   0 228 255 255 255 255 255
255 255 255 255 255 255 255 255 255 254 255 255 255 255 255 255
255 255 255 255 255 255 255 255 255 255 255 255 255 255 255 255
255 255 255 255 255 255 254 253 253 255 251 255 255 255 255 255
255 255 255 255 255 255 255 254 253 255 255 255 255 255 255 255
255 255 255 255 255 255 248 250 254 255 255 255 255 255 255 255
255 255 255 255 255 255 242   2   0  52 255 255 255 255 255 255
255 255 255 255 255 255 124   3   2  14 193 255 255 255 255 255
255 255 255 255 255 250 172 111 102 126 209 255 255 255 255 255
255 255 255 255 249  96 255 234 231 240 255 255 255 255 255 255
255 255 255 255 255 255 255 255 255 255 255 255 255 255 255 255
255 255 255 255 255 255 255 255 255 255 255 255 255 255 255 255
255 255 255 255 255 255 255 255 255 255 255 255 255 255 255 255
255 255 255 255 255 255 255 255 255 255 255 255 255 255 255 255
255 255 255 255 255 255 255 255 255 255 255 255 255 255 255 255
255 255 255 255 255 255 255 255 255 255 255 255 255 255 255 255
255 255 255 255 255 255 245   6 206   0 228 255 255 255 255 255
255 255 255 255 255 255 255 255 255 254 255 255 255 255 255 255
255 255 255 255 255 255 255 255 255 255 255 255 255 255 255 255
255 255 255 255 255 255 149  80  70  95 208 255 255 255 255 255
255 255 255 255 255 254  49  29  27  35 122 255 255 255 255 255
255 255 255 255 255 255  52  28  26  28 185 255 255 255 255 255
255 255 255 255 255 255 252 255 254 249 251 255 255 255 255 255
255 255 255 255 255 255 255 254 255 254 255 255 255 255 255 255
255 255 255 255 252 252 254 255 254 254 254 255 255 255 255 255
255 255 255 255 255 149 255 254 252 255 254 255 255 255 255 255
255 255 255 255 255 255 255 255 255 255 255 255 255 255 255 255
255 255 255 255 255 255 255 255 255 255 255 255 255 255 255 255
255 255 255 255 255 255 255 255 255 255 255 255 255 255 255 255
255 255 255 255 255 255 255 255 255 255 255 255 255 255 255 255
255 255 255 255 255 255 255 255 255 255 255 255 255 255 255 255
255 255 255 255 255 255 255 255 255 255 255 255 255 255 255 255
255 255 255 255 255 255 245   6 206   0 228 255 255 255 255 255
255 255 255 255 255 255 255 255 255 254 255 255 255 255 255 255
255 255 255 255 255 255 255 255 255 255 255 255 255 255 255 255
255 255 255 255 255 255 201 163 159 176 230 255 255 255 255 255
255 255 255 255 255 255 139 101  97 110 187 255 255 255 255 255
255 255 255 255 255 255 145  91  90  90 218 255 255 255 255 255
255 255 255 255 255 255 197   1   2  10 255 255 255 255 255 255
255 255 255 255 254 252   0   0   0   1  83 255 255 255 255 255
255 255 255 255 255 255  37   0   2   1 135 255 255 255 255 255
255 255 255 255 254 252 243 196 191 210 255 255 255 255 255 255
255 255 255 255 255 255 255 255 255 255 255 255 255 255 255 255
255 255 255 255 255 255 255 255 255 255 255 255 255 255 255 255
255 255 255 255 255 255 255 255 255 255 255 255 255 255 255 255

255 255 255 255 255 255 255 255 255 255 255 255 255 255 255 255
255 255 255 255 255 255 255 255 255 255 255 255 255 255 255 255
255 255 255 255 255 255 255 255 255 255 255 255 255 255 255 255
255 255 255 255 255 255 255 255 255 255 255 255 255 255 255 255
255 255 255 255 255 255 255 255 255 255 255 255 255 255 255 255
255 255 255 228 255 255 251 255 255 255 193 209 255 255 255 255
255 255 255   0 254 255 255 255 255  52  14 126 240 255 255 255
255 255 255 206 255 255 253 253 254   0   2 102 231 255 255 255
255 255 255   6 255 255 253 254 250   2   3 111 234 255 255 255
255 255 255 245 255 255 254 255 248 242 124 172 255 255 255 255
255 255 255 255 255 255 255 255 255 255 255 250  96 255 255 255
255 255 255 255 255 255 255 255 255 255 255 255 249 255 255 255
255 255 255 255 255 255 255 255 255 255 255 255 255 255 255 255
255 255 255 255 255 255 255 255 255 255 255 255 255 255 255 255
255 255 255 255 255 255 255 255 255 255 255 255 255 255 255 255
255 255 255 255 255 255 255 255 255 255 255 255 255 255 255 255
255 255 255 255 255 255 255 255 255 255 255 255 255 255 255 255
255 255 255 255 255 255 255 255 255 255 255 255 255 255 255 255
255 255 255 255 255 255 255 255 255 255 255 255 255 255 255 255
255 255 255 255 255 255 255 255 255 255 255 255 255 255 255 255
255 255 255 255 255 255 255 255 255 255 255 255 255 255 255 255
255 255 255 228 255 255 208 122 185 251 255 254 254 255 255 255
255 255 255   0 254 255  95  35  28 249 254 254 255 255 255 255
255 255 255 206 255 255  70  27  26 254 255 254 252 255 255 255
255 255 255   6 255 255  80  29  28 255 254 255 254 255 255 255
255 255 255 245 255 255 149  49  52 252 255 254 255 255 255 255
255 255 255 255 255 255 255 254 255 255 255 252 149 255 255 255
255 255 255 255 255 255 255 255 255 255 255 252 255 255 255 255
255 255 255 255 255 255 255 255 255 255 255 255 255 255 255 255
255 255 255 255 255 255 255 255 255 255 255 255 255 255 255 255
255 255 255 255 255 255 255 255 255 255 255 255 255 255 255 255
255 255 255 255 255 255 255 255 255 255 255 255 255 255 255 255
255 255 255 255 255 255 255 255 255 255 255 255 255 255 255 255
255 255 255 255 255 255 255 255 255 255 255 255 255 255 255 255
255 255 255 255 255 255 255 255 255 255 255 255 255 255 255 255
255 255 255 255 255 255 255 255 255 255 255 255 255 255 255 255
255 255 255 255 255 255 255 255 255 255 255 255 255 255 255 255
255 255 255 228 255 255 230 187 218 255  83 135 255 255 255 255
255 255 255   0 254 255 176 110  90  10   1   1 210 255 255 255
255 255 255 206 255 255 159  97  90   2   0   2 191 255 255 255
255 255 255   6 255 255 163 101  91   1   0   0 196 255 255 255
255 255 255 245 255 255 201 139 145 197   0  37 243 255 255 255
255 255 255 255 255 255 255 255 255 255 252 255 252 255 255 255
255 255 255 255 255 255 255 255 255 255 254 255 254 255 255 255
255 255 255 255 255 255 255 255 255 255 255 255 255 255 255 255
255 255 255 255 255 255 255 255 255 255 255 255 255 255 255 255
255 255 255 255 255 255 255 255 255 255 255 255 255 255 255 255
255 255 255 255 255 255 255 255 255 255 255 255 255 255 255 255
